f=[ -9.87620232399596e-003  ] x=[  1.00374753354167e+003  ]f=[ -9.87620232399596e-003  ] x=[  1.00374753354167e+003  ]
f=[ -4.39738926141761e-001  ] x=[ -1.29055967669752e+000  ]
